# Created by Octave 4.2.2, Wed Oct 16 21:43:26 2019 -03 <vitors@vitors-PC>
# name: x
# type: matrix
# rows: 57
# columns: 1
 1.1
 1.17
 1.24
 1.31
 1.38
 1.45
 1.52
 1.59
 1.66
 1.73
 1.8
 1.87
 1.94
 2.01
 2.08
 2.15
 2.22
 2.29
 2.36
 2.43
 2.5
 2.57
 2.64
 2.71
 2.78
 2.850000000000001
 2.92
 2.99
 3.06
 3.13
 3.2
 3.27
 3.34
 3.41
 3.48
 3.55
 3.620000000000001
 3.69
 3.76
 3.830000000000001
 3.9
 3.97
 4.040000000000001
 4.11
 4.18
 4.25
 4.32
 4.390000000000001
 4.460000000000001
 4.53
 4.600000000000001
 4.67
 4.74
 4.81
 4.880000000000001
 4.950000000000001
 5.02


# name: y
# type: matrix
# rows: 57
# columns: 1
 5.727347241724478
 6.290580631384142
 5.848659595001624
 6.143136450175564
 5.936283951775764
 6.85586726613147
 6.867400471729443
 7.152460001909185
 7.079211496225243
 7.382433051424854
 7.048132334177201
 6.958831076594899
 7.132540314638594
 7.889278004538546
 7.266608237404068
 7.792407150925778
 8.219386215212682
 7.816199959498668
 8.04877267736177
 8.251881494714272
 8.831139773561297
 8.467479409412407
 8.750235325365647
 8.982710633795159
 9.197391445177756
 9.583549969978371
 9.284535771626352
 9.718505850340167
 9.46862658188722
 9.501080860069861
 10.10551549043521
 10.23538355106992
 10.51622446537031
 9.893540388292751
 10.05217806783836
 10.48719881527059
 10.60014467287127
 10.43732880132606
 11.50182345345561
 11.54427735039567
 11.40863396463673
 11.85377454837687
 11.21066532455374
 12.09357918020445
 11.62964870511281
 11.6625605332941
 12.5061742284745
 12.11154947721781
 12.26388007081214
 12.45329513671283
 12.60241117407278
 12.70969999722238
 12.51751086489293
 12.82340930074809
 13.53598749097342
 13.55723986389526
 13.68435864023482


